255
75
62
105
257
213
145
138
115
165
103
136
227
43
188
262
127
-89
206
46
206
107
1
334
271
212
215
185
1
144
82
175
222
193
261
202
260
449
120
71
79
361
72
222
197
422
192
75
147
-71
172
50
76
127
309
165
275
109
90
145
188
89
-177
93
145
182
145
-53
183
71
192
48
65
287
39
241
223
434
413
4
205
142
-54
267
80
63
116
125
233
219
-81
87
358
359
-15
278
174
63
197
335
-71
36
82
24
161
178
188
224
212
267
226
225
216
156
167
51
-63
231
191
97
199
272
128
220
487
30
55
336
146
111
406
241
212
-54
226
314
386
152
367
229
226
132
204
92
71
144
119
524
465
52
164
279
375
153
112
166
31
222
227
171
103
388
205
197
118
-9
66
222
213
160
493
202
346
251
92
148
-4
161
340
330
123
58
-63
206
147
223
-57
246
182
350
367
202
-32
194
272
-4
68
128
121
253
348
255
37
439
186
130
47
108
490
230
-111
169
152
160
150
253
138
211
271
431
218
155
55
289
179
1
116
64
93
350
103
195
135
202
196
237
21
141
224
43
78
203
221
315
45
255
151
-30
344
262
31
103
177
41
245
251
152
24
70
214
91
116
111
86
343
123
127
125
173
40
132
440
277
123
339
159
518
112
369
286
-24
268
131
329
-86
326
259
459
-30
428
610
247
37
153
304
60
169
72
42
198
145
332
178
187
145
308
194
243
628
123
298
161
322
118
109
118
96
129
-18
-33
239
328
212
19
39
158
176
1
256
40
177
2
165
84
255
170
193
146
97
271
261
85
218
377
200
185
145
86
176
126
-4
63
119
259
154
68
70
194
99
260
59
111
223
196
277
363
159
152
35
243
184
197
337
198
275
422
170
152
178
233
163
-39
319
264
245
322
67
260
-43
-72
137
274
-40
104
275
150
189
153
283
114
152
157
78
245
153
266
325
143
168
162
210
142
34
366
5
291
143
-102
151
436
150
88
166
70
61
206
429
126
239
98
92
142
460
188
373
20
285
-7
192
47
100
272
378
228
86
-29
161
53
193
277
180
308
178
291
94
219
5
426
118
77
85
165
153
245
373
169
117
240
73
78
378
174
179
140
196
327
150
64
149
259
209
551
303
16
334
169
9
2
229
174
334
44
212
319
220
238
202
80
218
-6
407
273
189
69
138
201
42
191
152
444
95
210
197
315
82
168
189
-29
181
167
113
301
108
97
399
11
199
207
281
302
-37
362
291
212
226
-38
-130
-12
490
288
150
231
-166
152
261
228
44
179
147
335
29
180
156
175
8
488
302
193
55
69
196
199
209
117
167
253
377
371
256
95
372
18
183
517
2
371
284
191
247
201
120
146
288
69
-46
243
-32
-32
208
302
146
70
146
81
176
244
216
294
-31
82
156
83
255
271
235
287
63
343
-21
101
26
-19
380
312
529
41
189
129
190
247
195
332
212
442
181
354
243
106
62
100
-15
40
30
127
85
16
34
83
345
172
192
248
406
49
463
159
54
203
-21
315
174
225
234
95
169
54
196
117
381
103
63
96
132
64
50
391
101
199
199
132
175
267
352
351
214
336
-3
221
127
261
216
63
160
96
392
-15
330
126
253
222
80
389
-24
157
24
137
-109
86
79
142
158
52
75
191
268
336
172
174
118
367
234
186
197
279
312
252
226
155
59
51
83
-5
287
219
10
276
100
115
303
116
478
61
180
255
4
-23
289
68
135
197
225
420
193
268
77
48
129
-53
23
332
257
5
-45
66
334
356
207
258
460
37
220
101
208
55
219
289
147
141
318
146
274
192
-131
243
205
162
135
-6
320
157
102
56
364
34
273
184
172
146
116
166
374
297
-25
122
257
194
85
107
168
152
330
232
2
249
165
254
49
-72
307
-17
249
-4
336
135
211
108
148
262
15
103
351
394
275
228
98
165
-65
93
61
142
-20
537
204
230
151
144
252
174
384
76
281
71
211
145
79
169
306
189
142
157
218
218
244
324
190
281
154
277
124
589
96
56
81
155
135
179
83
189
378
228
136
70
195
373
89
19
213
-47
17
349
156
90
232
132
269
188
211
35
261
332
143
56
232
46
279
465
338
177
89
103
282
202
153
12
323
99
92
187
-20
323
21
323
376
104
328
99
277
353
193
195
91
-92
149
276
229
70
17
278
272
121
282
-105
304
393
293
124
102
63
281
145
81
144
62
220
268
117
359
200
245
435
-110
-54
229
124
-11
195
241
303
149
287
126
113
131
228
59
190
250
200
160
140
83
210
317
104
256
221
218
152
275
168
103
403
348
102
178
330
115
55
151
145
79
219
252
219
135
270
5
91
91
83
166
170
147
267
100
312
82
281
262
86
132
-13
301
117
120
222
0
93
243
231
262
186
1
36
292
324
299
296
217
267
194
7
180
144
283
220
216
142
32
103
-74
17
154
450
224
4
123
42
87
1
336
131
101
333
313
17
121
98
198
171
256
297
195
292
39
212
25
171
219
265
211
501
-11
293
105
169
-1
408
236
11
-101
107
230
180
40
224
192
33
72
220
-13
146
140
228
204
355
207
15
273
391
3
370
123
102
121
427
137
67
121
-33
377
324
227
251
247
126
100
93
307
338
204
468
330
-6
442
201
234
379
308
183
256
223
198
249
88
189
217
141
289
189
160
350
228
278
301
-69
95
297
12
312
218
-54
144
200
253
77
102
368
249
102
569
360
-15
309
127
233
140
101
111
-94
455
179
278
354
111
91
218
8
303
47
270
188
136
5
178
242
313
169
131
-3
51
390
221
102
387
151
217
207
112
21
285
363
229
184
297
93
274
-45
530
116
255
204
217
67
233
24
389
315
108
121
568
141
440
332
5
354
519
167
511
24
379
121
268
152
93
45
38
185
26
-87
28
211
207
125
86
400
235
308
267
163
152
130
353
17
192
34
237
256
202
160
456
201
273
382
537
11
160
123
354
4
215
166
176
317
241
165
199
524
369
105
106
341
369
54
273
178
231
70
106
169
322
-127
122
126
125
279
76
286
283
332
206
427
303
208
117
42
272
208
163
-29
5
529
96
125
273
148
337
91
314
375
163
85
176
144
109
-96
240
232
216
208
147
211
125
207
269
128
290
249
152
33
129
160
272
232
102
185
65
293
222
157
162
418
76
346
83
153
226
343
245
172
43
245
-36
267
290
191
184
-31
277
212
263
391
213
291
139
168
55
360
190
290
357
3
-60
136
-1
475
98
-104
-24
24
-40
54
28
216
426
265
155
277
315
73
212
233
132
454
10
139
128
21
216
88
276
183
212
444
415
307
169
220
-15
498
35
175
77
-59
184
271
486
535
417
-123
84
147
-86
203
179
103
-37
15
137
161
95
14
107
22
103
75
245
65
176
176
325
224
188
3
112
330
29
270
68
78
97
92
-2
303
58
232
350
204
239
12
199
60
202
105
347
101
196
115
143
206
-40
164
258
229
261
189
166
223
136
219
156
226
325
171
71
387
319
43
438
142
173
76
-78
389
330
262
237
76
58
86
392
62
5
200
305
384
306
518
289
103
36
116
159
96
291
413
46
48
-121
148
52
195
178
133
127
202
60
157
371
131
95
100
35
320
24
89
0
300
166
244
95
94
197
23
321
255
178
197
271
285
-45
64
64
-21
169
-51
197
83
96
-23
183
118
105
183
457
158
79
59
251
83
125
138
231
212
170
139
88
212
129
116
204
324
155
145
172
234
204
193
295
16
278
236
219
175
297
355
386
303
199
273
183
276
89
273
290
34
140
214
210
386
233
211
33
129
148
461
203
60
267
258
108
120
209
10
186
97
343
303
670
230
79
226
102
263
130
403
19
234
213
329
503
389
263
314
141
140
139
263
300
178
-89
180
331
84
280
319
531
102
84
399
251
18
47
329
262
378
215
304
159
226
296
-64
115
149
51
242
166
153
151
277
-10
15
412
340
264
-71
29
292
157
32
159
34
262
374
293
120
241
475
56
256
258
149
261
371
125
84
173
245
354
151
372
271
278
277
80
155
144
182
114
362
292
177
166
208
283
44
129
181
225
209
280
131
217
252
119
210
150
226
97
153
237
440
349
-23
39
295
-33
61
104
293
215
46
165
389
142
155
157
181
594
370
4
151
172
59
321
197
-44
266
202
129
14
163
137
281
249
238
274
343
217
326
63
74
278
187
53
167
77
34
213
170
191
112
147
15
131
112
266
210
333
70
76
98
288
-7
93
127
266
109
209
16
58
477
174
111
395
328
-132
315
197
501
174
217
137
202
-49
205
192
266
101
273
94
338
334
229
363
272
40
354
219
266
276
163
337
337
276
69
42
112
59
171
314
180
240
125
208
91
383
253
101
120
119
91
347
99
140
371
231
321
214
-66
149
240
304
238
36
41
292
404
126
306
77
318
176
8
161
226
-75
294
118
184
231
283
44
179
367
206
207
71
48
253
261
219
88
300
397
184
283
99
-20
38
249
255
159
22
316
273
-31
57
7
159
48
52
429
81
282
89
188
260
399
320
167
653
219
112
174
200
209
241
220
116
167
149
191
98
228
252
430
181
108
261
142
153
10
130
165
439
98
167
183
294
188
300
-27
147
208
104
309
208
256
13
91
383
67
149
210
291
1
188
221
110
211
349
14
-6
200
281
166
197
183
-113
268
224
92
146
239
347
271
150
314
239
143
109
-18
212
56
132
212
222
110
125
2
25
353
361
209
171
84
277
265
399
154
306
138
218
127
99
241
202
428
157
382
266
328
205
299
212
376
177
107
41
140
181
167
170
59
196
41
87
212
160
315
138
147
365
137
33
140
95
220
119
251
285
231
222
450
225
245
218
128
13
228
119
112
53
184
130
202
53
60
262
32
289
142
164
160
56
-1
155
402
60
279
79
55
237
117
333
15
188
106
345
144
332
180
7
149
128
62
262
43
160
43
162
69
254
151
317
229
-58
87
38
73
212
163
101
106
117
240
227
165
296
350
185
205
76
268
21
269
199
-17
16
156
150
5
-24
150
399
230
244
162
355
201
174
49
2
262
399
285
146
189
135
202
70
172
120
56
412
274
92
204
211
201
104
-9
24
131
225
214
212
272
94
81
221
485
217
550
-27
187
158
191
206
210
-31
338
69
12
379
366
117
79
106
161
204
34
246
168
240
527
390
368
423
268
534
176
219
138
140
51
214
192
181
232
107
-179
157
98
120
171
86
90
94
119
-82
291
78
111
271
103
116
227
230
118
163
65
-2
246
48
103
220
160
429
220
329
239
118
326
102
257
154
399
139
357
36
-84
298
433
182
71
226
180
139
-123
257
596
237
217
163
397
96
98
222
132
-66
120
-45
122
-17
32
104
352
241
170
121
40
80
169
342
199
255
344
233
243
213
402
186
180
315
422
268
318
139
552
80
173
-5
350
363
222
139
483
42
220
13
112
58
220
142
71
163
-32
201
113
318
75
209
216
212
274
36
352
79
121
180
181
168
136
67
20
110
317
113
214
90
295
206
334
23
246
100
-66
163
173
87
284
374
152
155
393
190
264
217
65
240
72
123
254
142
127
65
-46
64
47
136
-26
78
137
79
177
23
151
87
319
208
114
240
172
258
3
258
79
114
-61
157
294
127
406
478
252
160
363
-1
366
83
249
243
115
92
95
260
340
55
108
351
47
321
227
347
261
46
31
229
425
227
196
257
324
504
121
58
141
315
282
262
213
178
232
60
231
347
110
396
-21
-25
160
326
125
362
73
47
171
23
48
56
347
70
131
244
122
38
350
148
181
470
284
-48
296
179
337
227
354
178
243
207
211
183
214
347
79
232
228
228
23
280
9
333
223
159
85
-51
162
178
225
150
180
220
404
219
78
359
197
11
-110
117
291
143
130
140
64
294
325
223
313
60
220
431
134
229
129
413
179
30
101
105
185
56
143
327
396
161
127
306
185
152
299
198
283
180
216
397
342
232
308
93
367
275
187
82
246
115
116
286
223
44
202
397
216
122
212
185
246
411
-84
152
118
-62
111
333
266
130
-57
101
258
-60
96
298
113
153
114
108
95
267
44
105
300
273
320
225
172
-55
518
220
248
39
65
129
337
98
104
277
331
4
240
132
29
33
122
150
77
-12
483
358
51
-6
220
210
557
105
153
192
108
199
109
142
86
47
251
138
200
90
10
65
-112
233
315
16
107
116
167
125
129
-19
204
-77
197
254
-131
90
103
236
35
77
78
427
-28
213
375
52
192
207
302
-18
79
154
500
76
333
279
272
268
175
516
156
182
11
143
71
230
185
462
153
27
69
131
378
256
128
316
283
644
38
91
94
33
135
279
11
59
37
-51
488
189
167
170
376
332
265
151
-18
159
371
178
297
239
-62
138
314
-92
119
150
370
350
249
74
165
285
282
277
187
209
-32
277
83
106
225
263
171
303
207
98
127
59
435
293
163
15
118
187
342
102
327
78
297
312
328
136
160
337
22
463
75
342
134
117
80
310
324
120
-73
210
360
-54
221
291
263
173
413
164
231
203
97
143
125
223
183
190
55
274
27
130
205
-74
109
-64
342
227
289
333
292
89
195
-63
188
403
284
90
405
242
79
58
435
57
144
28
123
210
200
71
150
193
377
94
103
62
296
276
189
149
131
195
-9
288
158
457
34
146
229
377
306
162
-14
171
155
511
304
286
309
131
104
302
199
0
172
254
62
58
345
141
134
111
119
192
208
83
116
322
117
183
27
196
293
339
161
291
233
38
66
267
229
250
14
170
494
310
180
246
200
188
586
448
-22
167
196
278
209
473
225
177
32
102
105
191
282
216
577
57
246
282
99
226
409
232
125
225
129
150
22
112
233
148
86
192
143
136
76
6
216
142
247
66
33
124
-15
-7
251
303
101
232
280
333
136
119
131
282
381
378
151
10
98
159
-91
415
-44
101
271
80
-6
158
261
471
97
263
161
41
340
40
99
222
375
287
307
148
71
102
174
385
152
289
-99
199
130
321
88
60
272
-46
328
51
203
211
400
172
197
420
102
106
131
173
39
179
95
240
288
90
72
260
177
251
139
184
127
88
146
143
167
70
71
159
146
44
131
153
-89
229
54
69
123
147
181
281
148
332
169
106
170
99
-69
23
119
240
444
370
120
90
155
155
316
309
238
174
-68
147
214
315
131
89
297
-33
152
-13
80
33
149
192
62
211
122
178
32
213
107
24
302
60
-37
205
253
-20
215
341
87
53
205
334
38
277
206
228
327
350
204
360
226
141
8
65
325
258
265
60
259
87
32
70
257
15
104
-90
233
46
440
107
294
452
354
143
354
83
65
-75
246
340
107
419
42
314
44
286
167
339
258
262
52
423
156
78
43
97
83
-26
163
164
184
353
237
140
271
324
-64
59
242
277
284
87
-55
167
183
366
263
-26
75
387
104
9
250
345
187
171
11
501
168
462
290
572
112
197
310
19
360
146
228
144
93
150
163
88
64
168
85
379
95
36
389
120
263
19
329
217
79
39
179
384
103
287
147
93
167
81
191
335
205
101
44
23
256
220
211
79
13
497
258
119
302
332
28
212
129
111
281
262
315
281
255
113
104
303
309
62
422
279
316
245
137
33
266
355
280
-3
-74
135
235
118
78
-107
360
53
258
442
201
200
52
23
163
298
259
223
90
191
144
229
76
108
207
276
243
196
347
359
167
-1
279
200
407
148
197
353
179
271
278
165
407
177
292
200
80
104
426
205
368
206
181
69
140
105
373
578
300
128
362
175
79
-38
190
262
209
258
272
-40
176
292
132
204
183
140
256
196
209
74
192
170
374
242
185
266
148
146
178
348
76
77
376
233
151
226
82
107
323
111
421
218
186
185
252
129
238
336
223
179
53
227
128
165
220
581
130
275
-20
7
98
167
182
213
166
413
205
437
450
303
180
148
133
186
240
349
210
66
423
352
29
68
215
102
12
264
315
-7
324
155
125
294
265
255
46
17
331
234
86
405
78
168
35
306
286
236
372
359
153
139
-115
38
246
165
143
335
178
504
271
285
89
567
215
91
419
340
299
154
94
125
123
182
322
30
171
84
177
304
124
275
166
283
212
53
106
257
91
66
53
452
170
134
140
290
147
83
385
83
282
234
163
98
201
129
350
36
213
-104
390
164
381
262
296
278
195
239
386
396
86
96
220
301
156
145
197
154
118
332
482
116
334
280
153
192
192
278
146
50
6
-66
115
226
145
245
224
307
455
76
214
27
257
203
124
465
-37
124
286
3
54
128
-7
140
58
158
151
150
32
106
61
272
52
102
197
144
1
4
169
189
287
175
353
42
20
306
181
155
148
124
164
172
267
32
153
149
55
338
4
287
262
164
189
260
69
165
249
106
155
342
151
177
24
167
75
268
279
15
145
276
256
30
163
142
394
160
42
270
246
231
322
245
439
79
285
34
173
124
125
-30
121
322
41
337
159
136
202
180
37
195
124
95
197
185
190
-67
183
164
85
322
96
532
105
226
335
685
195
213
105
241
372
144
169
379
173
341
368
167
168
60
95
332
196
208
69
43
68
289
172
93
31
201
187
230
-17
177
239
265
104
236
465
55
136
185
352
183
124
36
281
98
315
308
350
193
376
-138
76
195
102
-99
235
132
-6
263
233
45
-41
2
207
78
140
83
119
52
328
270
67
269
-1
73
168
320
396
134
7
184
18
391
177
128
-79
316
238
242
33
461
149
354
205
-50
117
84
285
276
178
183
125
255
185
133
274
250
167
179
99
149
106
298
153
326
37
233
207
217
83
215
291
11
305
384
124
349
267
194
174
95
21
144
269
237
238
177
78
244
56
63
285
233
185
158
183
148
161
229
238
305
67
-6
90
325
449
371
186
-63
387
214
304
306
132
237
130
264
228
73
404
228
53
268
325
123
4
479
29
158
163
7
286
163
344
194
250
77
117
72
98
56
168
335
86
170
262
163
98
301
-5
23
47
-60
233
68
-4
110
277
125
446
22
-32
49
216
307
79
41
228
304
283
173
101
192
307
198
112
180
153
158
139
294
170
173
72
84
445
174
65
158
172
132
418
203
153
264
149
156
81
275
225
73
155
140
244
204
6
128
379
232
138
270
205
332
-32
214
83
422
381
256
252
129
67
218
72
276
131
80
86
-39
243
174
60
151
70
153
-33
13
327
207
168
88
179
215
-15
102
-84
30
429
200
240
287
209
223
311
199
149
175
440
56
214
69
109
334
48
-5
189
119
204
140
324
89
321
71
269
134
-36
158
275
66
284
327
138
407
18
274
175
166
238
92
204
195
152
98
77
138
178
122
405
277
169
215
158
172
211
187
188
243
36
222
285
152
194
333
228
-95
188
135
134
433
133
160
151
181
107
270
163
127
144
1
326
-4
99
225
9
341
201
114
260
213
55
73
214
328
93
226
230
258
3
196
272
213
341
206
163
221
79
79
121
400
159
224
86
44
124
99
215
9
114
375
409
-3
341
52
266
3
118
140
352
436
185
270
143
101
349
98
294
-17
128
315
149
258
43
62
56
289
424
256
311
32
151
158
263
335
-196
103
319
289
186
295
139
186
65
208
-19
98
125
207
446
46
94
83
297
112
227
134
224
198
90
268
402
79
50
36
46
305
98
330
98
9
155
415
35
331
-5
335
-97
119
177
272
399
136
186
340
380
146
46
89
262
216
351
54
79
-127
124
143
147
183
54
128
92
225
136
144
228
257
285
168
-48
-67
19
180
119
164
83
360
119
273
61
173
63
40
314
233
195
237
112
76
295
243
284
194
73
117
93
126
100
41
137
274
335
18
252
302
175
17
68
75
353
292
280
180
213
-6
244
-51
-35
239
64
132
205
58
248
257
177
388
198
-23
203
284
239
271
-27
502
280
92
321
97
220
-68
200
-132
-46
259
322
65
154
251
11
312
232
177
138
-78
256
155
146
240
315
347
145
111
303
25
217
365
318
72
267
-53
285
200
217
247
118
78
36
289
105
426
54
68
136
317
388
10
89
170
298
100
196
284
28
150
112
495
55
274
130
8
-38
69
105
19
219
347
312
315
197
302
220
150
154
64
59
183
51
142
-176
329
-20
224
164
407
115
161
294
159
185
204
154
337
208
173
240
199
100
215
80
178
175
-73
173
180
23
322
307
202
193
169
250
137
254
-16
37
190
-24
228
120
84
295
251
230
241
143
332
183
49
35
224
-33
28
23
149
120
78
130
118
143
244
-34
89
110
330
483
34
233
67
197
228
461
351
239
181
197
166
195
71
196
51
101
-60
417
24
66
129
181
490
206
535
101
131
108
205
182
-43
175
-2
154
188
79
283
183
61
66
-55
142
279
177
258
358
252
143
229
114
191
305
98
144
553
246
105
192
134
130
236
-33
330
138
140
-110
406
296
-12
262
137
62
-96
268
352
359
97
179
23
95
84
176
246
58
-25
-110
369
11
436
219
159
198
64
-2
72
250
447
95
-7
260
298
289
272
-28
63
174
169
84
189
356
204
154
301
42
163
108
200
129
343
77
288
92
146
-25
128
288
-23
293
53
189
239
106
134
65
91
142
232
234
334
112
176
152
197
121
194
185
21
117
104
259
256
213
118
362
285
326
-73
367
316
219
58
465
113
228
234
-74
214
254
95
249
182
263
315
61
169
31
64
257
296
117
452
262
391
109
219
140
-1
205
135
217
316
282
215
211
228
396
207
141
73
171
144
119
166
169
100
263
118
0
301
198
267
170
348
187
169
